line 0 -250 0 -150
line 0 -150 -35 -67
line -35 -67 -93 -11
line -93 -11 -161 16
line -161 16 -227 14
line -227 14 -280 -11
line -227 14 -282 35
line -161 16 -208 61
line -208 61 -263 83
line -208 61 -231 116
line -93 -11 -122 56
line -122 56 -169 102
line -169 102 -224 124
line -169 102 -192 157
line -122 56 -122 122
line -122 122 -145 176
line -122 122 -99 176
line -35 -67 -35 14
line -35 14 -63 81
line -63 81 -111 127
line -111 127 -166 148
line -111 127 -133 181
line -63 81 -63 147
line -63 147 -86 201
line -63 147 -40 201
line -35 14 -7 81
line -7 81 -7 147
line -7 147 -30 201
line -7 147 16 201
line -7 81 40 127
line 40 127 63 181
line 40 127 95 148
line 0 -150 35 -67
line 35 -67 35 14
line 35 14 7 81
line 7 81 -40 127
line -40 127 -95 148
line -40 127 -63 181
line 7 81 7 147
line 7 147 -16 201
line 7 147 30 201
line 35 14 63 81
line 63 81 63 147
line 63 147 40 201
line 63 147 86 201
line 63 81 111 127
line 111 127 133 181
line 111 127 166 148
line 35 -67 93 -11
line 93 -11 122 56
line 122 56 122 122
line 122 122 99 176
line 122 122 145 176
line 122 56 169 102
line 169 102 192 157
line 169 102 224 124
line 93 -11 161 16
line 161 16 208 61
line 208 61 231 116
line 208 61 263 83
line 161 16 227 14
line 227 14 282 35
line 227 14 280 -11
