line 0 0 0 100
line 0 100 -35 183
line -35 183 -93 239
line -93 239 -161 266
line -161 266 -227 264
line -227 264 -280 239
line -227 264 -282 285
line -161 266 -208 311
line -208 311 -263 333
line -208 311 -231 366
line -93 239 -122 306
line -122 306 -169 352
line -169 352 -224 374
line -169 352 -192 407
line -122 306 -122 372
line -122 372 -145 426
line -122 372 -99 426
line -35 183 -35 264
line -35 264 -63 331
line -63 331 -111 377
line -111 377 -166 398
line -111 377 -133 431
line -63 331 -63 397
line -63 397 -86 451
line -63 397 -40 451
line -35 264 -7 331
line -7 331 -7 397
line -7 397 -30 451
line -7 397 16 451
line -7 331 40 377
line 40 377 63 431
line 40 377 95 398
line 0 100 35 183
line 35 183 35 264
line 35 264 7 331
line 7 331 -40 377
line -40 377 -95 398
line -40 377 -63 431
line 7 331 7 397
line 7 397 -16 451
line 7 397 30 451
line 35 264 63 331
line 63 331 63 397
line 63 397 40 451
line 63 397 86 451
line 63 331 111 377
line 111 377 133 431
line 111 377 166 398
line 35 183 93 239
line 93 239 122 306
line 122 306 122 372
line 122 372 99 426
line 122 372 145 426
line 122 306 169 352
line 169 352 192 407
line 169 352 224 374
line 93 239 161 266
line 161 266 208 311
line 208 311 231 366
line 208 311 263 333
line 161 266 227 264
line 227 264 282 285
line 227 264 280 239
