line 0 -25 0 -5
line 0 -5 -7 12
line -7 12 -19 23
line -19 23 -32 28
line -32 28 -45 28
line -45 28 -56 23
line -45 28 -56 32
line -32 28 -42 37
line -42 37 -53 42
line -42 37 -46 48
line -19 23 -24 36
line -24 36 -34 45
line -34 45 -45 50
line -34 45 -38 56
line -24 36 -24 49
line -24 49 -29 60
line -24 49 -20 60
line -7 12 -7 28
line -7 28 -13 41
line -13 41 -22 50
line -22 50 -33 55
line -22 50 -27 61
line -13 41 -13 54
line -13 54 -17 65
line -13 54 -8 65
line -7 28 -1 41
line -1 41 -1 54
line -1 54 -6 65
line -1 54 3 65
line -1 41 8 50
line 8 50 13 61
line 8 50 19 55
line 0 -5 7 12
line 7 12 7 28
line 7 28 1 41
line 1 41 -8 50
line -8 50 -19 55
line -8 50 -13 61
line 1 41 1 54
line 1 54 -3 65
line 1 54 6 65
line 7 28 13 41
line 13 41 13 54
line 13 54 8 65
line 13 54 17 65
line 13 41 22 50
line 22 50 27 61
line 22 50 33 55
line 7 12 19 23
line 19 23 24 36
line 24 36 24 49
line 24 49 20 60
line 24 49 29 60
line 24 36 34 45
line 34 45 38 56
line 34 45 45 50
line 19 23 32 28
line 32 28 42 37
line 42 37 46 48
line 42 37 53 42
line 32 28 45 28
line 45 28 56 32
line 45 28 56 23
line 0 25 0 45
line 0 45 -7 62
line -7 62 -19 73
line -19 73 -32 78
line -32 78 -45 78
line -45 78 -56 73
line -45 78 -56 82
line -32 78 -42 87
line -42 87 -53 92
line -42 87 -46 98
line -19 73 -24 86
line -24 86 -34 95
line -34 95 -45 100
line -34 95 -38 106
line -24 86 -24 99
line -24 99 -29 110
line -24 99 -20 110
line -7 62 -7 78
line -7 78 -13 91
line -13 91 -22 100
line -22 100 -33 105
line -22 100 -27 111
line -13 91 -13 104
line -13 104 -17 115
line -13 104 -8 115
line -7 78 -1 91
line -1 91 -1 104
line -1 104 -6 115
line -1 104 3 115
line -1 91 8 100
line 8 100 13 111
line 8 100 19 105
line 0 45 7 62
line 7 62 7 78
line 7 78 1 91
line 1 91 -8 100
line -8 100 -19 105
line -8 100 -13 111
line 1 91 1 104
line 1 104 -3 115
line 1 104 6 115
line 7 78 13 91
line 13 91 13 104
line 13 104 8 115
line 13 104 17 115
line 13 91 22 100
line 22 100 27 111
line 22 100 33 105
line 7 62 19 73
line 19 73 24 86
line 24 86 24 99
line 24 99 20 110
line 24 99 29 110
line 24 86 34 95
line 34 95 38 106
line 34 95 45 100
line 19 73 32 78
line 32 78 42 87
line 42 87 46 98
line 42 87 53 92
line 32 78 45 78
line 45 78 56 82
line 45 78 56 73
line -22 13 -39 23
line -39 23 -57 25
line -57 25 -73 20
line -73 20 -84 11
line -84 11 -90 0
line -90 0 -91 -12
line -90 0 -99 -7
line -84 11 -96 7
line -96 7 -106 0
line -96 7 -108 9
line -73 20 -86 22
line -86 22 -99 18
line -99 18 -109 11
line -99 18 -111 20
line -86 22 -98 29
line -98 29 -110 30
line -98 29 -105 38
line -57 25 -71 33
line -71 33 -85 34
line -85 34 -98 31
line -98 31 -107 24
line -98 31 -110 32
line -85 34 -97 41
line -97 41 -108 43
line -97 41 -104 51
line -71 33 -79 45
line -79 45 -91 51
line -91 51 -103 52
line -91 51 -98 60
line -79 45 -83 57
line -83 57 -90 67
line -83 57 -81 69
line -39 23 -50 37
line -50 37 -64 45
line -64 45 -78 46
line -78 46 -91 43
line -91 43 -100 36
line -91 43 -103 44
line -78 46 -90 53
line -90 53 -101 55
line -90 53 -97 63
line -64 45 -72 57
line -72 57 -84 63
line -84 63 -96 64
line -84 63 -91 72
line -72 57 -76 69
line -76 69 -83 79
line -76 69 -74 81
line -50 37 -54 53
line -54 53 -62 64
line -62 64 -74 70
line -74 70 -85 72
line -74 70 -81 80
line -62 64 -65 77
line -65 77 -73 86
line -65 77 -64 89
line -54 53 -52 67
line -52 67 -54 80
line -54 80 -62 89
line -54 80 -53 92
line -52 67 -45 78
line -45 78 -43 89
line -45 78 -35 85
line -22 -12 -39 -22
line -39 -22 -50 -37
line -50 -37 -54 -53
line -54 -53 -52 -67
line -52 -67 -45 -78
line -45 -78 -35 -85
line -45 -78 -43 -89
line -52 -67 -54 -80
line -54 -80 -53 -92
line -54 -80 -62 -89
line -54 -53 -62 -64
line -62 -64 -65 -77
line -65 -77 -64 -89
line -65 -77 -73 -86
line -62 -64 -74 -70
line -74 -70 -81 -80
line -74 -70 -85 -72
line -50 -37 -64 -45
line -64 -45 -72 -57
line -72 -57 -76 -69
line -76 -69 -74 -81
line -76 -69 -83 -79
line -72 -57 -84 -63
line -84 -63 -91 -72
line -84 -63 -96 -64
line -64 -45 -78 -46
line -78 -46 -90 -53
line -90 -53 -97 -63
line -90 -53 -101 -55
line -78 -46 -91 -43
line -91 -43 -103 -44
line -91 -43 -100 -36
line -39 -22 -57 -25
line -57 -25 -71 -33
line -71 -33 -79 -45
line -79 -45 -83 -57
line -83 -57 -81 -69
line -83 -57 -90 -67
line -79 -45 -91 -51
line -91 -51 -98 -60
line -91 -51 -103 -52
line -71 -33 -85 -34
line -85 -34 -97 -41
line -97 -41 -104 -51
line -97 -41 -108 -43
line -85 -34 -98 -31
line -98 -31 -110 -32
line -98 -31 -107 -24
line -57 -25 -73 -20
line -73 -20 -86 -22
line -86 -22 -98 -29
line -98 -29 -105 -38
line -98 -29 -110 -30
line -86 -22 -99 -18
line -99 -18 -111 -20
line -99 -18 -109 -11
line -73 -20 -84 -11
line -84 -11 -96 -7
line -96 -7 -108 -9
line -96 -7 -106 0
line -84 -11 -90 0
line -90 0 -99 7
line -90 0 -91 12
line 0 -25 0 -45
line 0 -45 7 -62
line 7 -62 19 -73
line 19 -73 32 -78
line 32 -78 45 -78
line 45 -78 56 -73
line 45 -78 56 -82
line 32 -78 42 -87
line 42 -87 53 -92
line 42 -87 46 -98
line 19 -73 24 -86
line 24 -86 34 -95
line 34 -95 45 -100
line 34 -95 38 -106
line 24 -86 24 -99
line 24 -99 29 -110
line 24 -99 20 -110
line 7 -62 7 -78
line 7 -78 13 -91
line 13 -91 22 -100
line 22 -100 33 -105
line 22 -100 27 -111
line 13 -91 13 -104
line 13 -104 17 -115
line 13 -104 8 -115
line 7 -78 1 -91
line 1 -91 1 -104
line 1 -104 6 -115
line 1 -104 -3 -115
line 1 -91 -8 -100
line -8 -100 -13 -111
line -8 -100 -19 -105
line 0 -45 -7 -62
line -7 -62 -7 -78
line -7 -78 -1 -91
line -1 -91 8 -100
line 8 -100 19 -105
line 8 -100 13 -111
line -1 -91 -1 -104
line -1 -104 3 -115
line -1 -104 -6 -115
line -7 -78 -13 -91
line -13 -91 -13 -104
line -13 -104 -8 -115
line -13 -104 -17 -115
line -13 -91 -22 -100
line -22 -100 -27 -111
line -22 -100 -33 -105
line -7 -62 -19 -73
line -19 -73 -24 -86
line -24 -86 -24 -99
line -24 -99 -20 -110
line -24 -99 -29 -110
line -24 -86 -34 -95
line -34 -95 -38 -106
line -34 -95 -45 -100
line -19 -73 -32 -78
line -32 -78 -42 -87
line -42 -87 -46 -98
line -42 -87 -53 -92
line -32 -78 -45 -78
line -45 -78 -56 -82
line -45 -78 -56 -73
line 22 -13 39 -23
line 39 -23 57 -25
line 57 -25 73 -20
line 73 -20 84 -11
line 84 -11 90 0
line 90 0 91 12
line 90 0 99 7
line 84 -11 96 -7
line 96 -7 106 0
line 96 -7 108 -9
line 73 -20 86 -22
line 86 -22 99 -18
line 99 -18 109 -11
line 99 -18 111 -20
line 86 -22 98 -29
line 98 -29 110 -30
line 98 -29 105 -38
line 57 -25 71 -33
line 71 -33 85 -34
line 85 -34 98 -31
line 98 -31 107 -24
line 98 -31 110 -32
line 85 -34 97 -41
line 97 -41 108 -43
line 97 -41 104 -51
line 71 -33 79 -45
line 79 -45 91 -51
line 91 -51 103 -52
line 91 -51 98 -60
line 79 -45 83 -57
line 83 -57 90 -67
line 83 -57 81 -69
line 39 -23 50 -37
line 50 -37 64 -45
line 64 -45 78 -46
line 78 -46 91 -43
line 91 -43 100 -36
line 91 -43 103 -44
line 78 -46 90 -53
line 90 -53 101 -55
line 90 -53 97 -63
line 64 -45 72 -57
line 72 -57 84 -63
line 84 -63 96 -64
line 84 -63 91 -72
line 72 -57 76 -69
line 76 -69 83 -79
line 76 -69 74 -81
line 50 -37 54 -53
line 54 -53 62 -64
line 62 -64 74 -70
line 74 -70 85 -72
line 74 -70 81 -80
line 62 -64 65 -77
line 65 -77 73 -86
line 65 -77 64 -89
line 54 -53 52 -67
line 52 -67 54 -80
line 54 -80 62 -89
line 54 -80 53 -92
line 52 -67 45 -78
line 45 -78 43 -89
line 45 -78 35 -85
line 22 12 39 22
line 39 22 50 37
line 50 37 54 53
line 54 53 52 67
line 52 67 45 78
line 45 78 35 85
line 45 78 43 89
line 52 67 54 80
line 54 80 53 92
line 54 80 62 89
line 54 53 62 64
line 62 64 65 77
line 65 77 64 89
line 65 77 73 86
line 62 64 74 70
line 74 70 81 80
line 74 70 85 72
line 50 37 64 45
line 64 45 72 57
line 72 57 76 69
line 76 69 74 81
line 76 69 83 79
line 72 57 84 63
line 84 63 91 72
line 84 63 96 64
line 64 45 78 46
line 78 46 90 53
line 90 53 97 63
line 90 53 101 55
line 78 46 91 43
line 91 43 103 44
line 91 43 100 36
line 39 22 57 25
line 57 25 71 33
line 71 33 79 45
line 79 45 83 57
line 83 57 81 69
line 83 57 90 67
line 79 45 91 51
line 91 51 98 60
line 91 51 103 52
line 71 33 85 34
line 85 34 97 41
line 97 41 104 51
line 97 41 108 43
line 85 34 98 31
line 98 31 110 32
line 98 31 107 24
line 57 25 73 20
line 73 20 86 22
line 86 22 98 29
line 98 29 105 38
line 98 29 110 30
line 86 22 99 18
line 99 18 111 20
line 99 18 109 11
line 73 20 84 11
line 84 11 96 7
line 96 7 108 9
line 96 7 106 0
line 84 11 90 0
line 90 0 99 -7
line 90 0 91 -12
line 0 75 0 95
line 0 95 -7 112
line -7 112 -19 123
line -19 123 -32 128
line -32 128 -45 128
line -45 128 -56 123
line -45 128 -56 132
line -32 128 -42 137
line -42 137 -53 142
line -42 137 -46 148
line -19 123 -24 136
line -24 136 -34 145
line -34 145 -45 150
line -34 145 -38 156
line -24 136 -24 149
line -24 149 -29 160
line -24 149 -20 160
line -7 112 -7 128
line -7 128 -13 141
line -13 141 -22 150
line -22 150 -33 155
line -22 150 -27 161
line -13 141 -13 154
line -13 154 -17 165
line -13 154 -8 165
line -7 128 -1 141
line -1 141 -1 154
line -1 154 -6 165
line -1 154 3 165
line -1 141 8 150
line 8 150 13 161
line 8 150 19 155
line 0 95 7 112
line 7 112 7 128
line 7 128 1 141
line 1 141 -8 150
line -8 150 -19 155
line -8 150 -13 161
line 1 141 1 154
line 1 154 -3 165
line 1 154 6 165
line 7 128 13 141
line 13 141 13 154
line 13 154 8 165
line 13 154 17 165
line 13 141 22 150
line 22 150 27 161
line 22 150 33 155
line 7 112 19 123
line 19 123 24 136
line 24 136 24 149
line 24 149 20 160
line 24 149 29 160
line 24 136 34 145
line 34 145 38 156
line 34 145 45 150
line 19 123 32 128
line 32 128 42 137
line 42 137 46 148
line 42 137 53 142
line 32 128 45 128
line 45 128 56 132
line 45 128 56 123
line -37 65 -47 82
line -47 82 -62 93
line -62 93 -78 97
line -78 97 -92 95
line -92 95 -103 88
line -103 88 -110 79
line -103 88 -114 86
line -92 95 -105 98
line -105 98 -117 96
line -105 98 -114 105
line -78 97 -89 106
line -89 106 -102 109
line -102 109 -114 107
line -102 109 -111 116
line -89 106 -95 117
line -95 117 -105 124
line -95 117 -97 129
line -62 93 -70 107
line -70 107 -82 116
line -82 116 -94 119
line -94 119 -106 118
line -94 119 -104 126
line -82 116 -88 127
line -88 127 -97 134
line -88 127 -89 139
line -70 107 -71 122
line -71 122 -78 133
line -78 133 -88 140
line -78 133 -80 144
line -71 122 -68 134
line -68 134 -69 146
line -68 134 -61 144
line -47 82 -50 100
line -50 100 -58 114
line -58 114 -70 123
line -70 123 -82 126
line -82 126 -94 125
line -82 126 -92 133
line -70 123 -76 134
line -76 134 -85 141
line -76 134 -77 146
line -58 114 -59 129
line -59 129 -66 140
line -66 140 -76 147
line -66 140 -68 151
line -59 129 -56 141
line -56 141 -57 153
line -56 141 -49 151
line -50 100 -45 116
line -45 116 -47 130
line -47 130 -54 141
line -54 141 -63 149
line -54 141 -55 153
line -47 130 -43 143
line -43 143 -45 154
line -43 143 -36 152
line -45 116 -36 127
line -36 127 -32 140
line -32 140 -34 151
line -32 140 -25 149
line -36 127 -25 133
line -25 133 -18 142
line -25 133 -13 135
line -65 38 -82 48
line -82 48 -100 50
line -100 50 -116 45
line -116 45 -127 36
line -127 36 -133 25
line -133 25 -135 13
line -133 25 -142 18
line -127 36 -140 32
line -140 32 -149 25
line -140 32 -151 34
line -116 45 -130 47
line -130 47 -143 43
line -143 43 -152 36
line -143 43 -154 45
line -130 47 -141 54
line -141 54 -153 55
line -141 54 -149 63
line -100 50 -114 58
line -114 58 -129 59
line -129 59 -141 56
line -141 56 -151 49
line -141 56 -153 57
line -129 59 -140 66
line -140 66 -151 68
line -140 66 -147 76
line -114 58 -123 70
line -123 70 -134 76
line -134 76 -146 77
line -134 76 -141 85
line -123 70 -126 82
line -126 82 -133 92
line -126 82 -125 94
line -82 48 -93 62
line -93 62 -107 70
line -107 70 -122 71
line -122 71 -134 68
line -134 68 -144 61
line -134 68 -146 69
line -122 71 -133 78
line -133 78 -144 80
line -133 78 -140 88
line -107 70 -116 82
line -116 82 -127 88
line -127 88 -139 89
line -127 88 -134 97
line -116 82 -119 94
line -119 94 -126 104
line -119 94 -118 106
line -93 62 -97 78
line -97 78 -106 89
line -106 89 -117 95
line -117 95 -129 97
line -117 95 -124 105
line -106 89 -109 102
line -109 102 -116 111
line -109 102 -107 114
line -97 78 -95 92
line -95 92 -98 105
line -98 105 -105 114
line -98 105 -96 117
line -95 92 -88 103
line -88 103 -86 114
line -88 103 -79 110
line -75 0 -95 0
line -95 0 -112 -7
line -112 -7 -123 -19
line -123 -19 -128 -32
line -128 -32 -128 -45
line -128 -45 -123 -56
line -128 -45 -132 -56
line -128 -32 -137 -42
line -137 -42 -142 -53
line -137 -42 -148 -46
line -123 -19 -136 -24
line -136 -24 -145 -34
line -145 -34 -150 -45
line -145 -34 -156 -38
line -136 -24 -149 -24
line -149 -24 -160 -29
line -149 -24 -160 -20
line -112 -7 -128 -7
line -128 -7 -141 -13
line -141 -13 -150 -22
line -150 -22 -155 -33
line -150 -22 -161 -27
line -141 -13 -154 -13
line -154 -13 -165 -17
line -154 -13 -165 -8
line -128 -7 -141 -1
line -141 -1 -154 -1
line -154 -1 -165 -6
line -154 -1 -165 3
line -141 -1 -150 8
line -150 8 -161 13
line -150 8 -155 19
line -95 0 -112 7
line -112 7 -128 7
line -128 7 -141 1
line -141 1 -150 -8
line -150 -8 -155 -19
line -150 -8 -161 -13
line -141 1 -154 1
line -154 1 -165 -3
line -154 1 -165 6
line -128 7 -141 13
line -141 13 -154 13
line -154 13 -165 8
line -154 13 -165 17
line -141 13 -150 22
line -150 22 -161 27
line -150 22 -155 33
line -112 7 -123 19
line -123 19 -136 24
line -136 24 -149 24
line -149 24 -160 20
line -149 24 -160 29
line -136 24 -145 34
line -145 34 -156 38
line -145 34 -150 45
line -123 19 -128 32
line -128 32 -137 42
line -137 42 -148 46
line -137 42 -142 53
line -128 32 -128 45
line -128 45 -132 56
line -128 45 -123 56
line -65 -37 -82 -47
line -82 -47 -93 -62
line -93 -62 -97 -78
line -97 -78 -95 -92
line -95 -92 -88 -103
line -88 -103 -79 -110
line -88 -103 -86 -114
line -95 -92 -98 -105
line -98 -105 -96 -117
line -98 -105 -105 -114
line -97 -78 -106 -89
line -106 -89 -109 -102
line -109 -102 -107 -114
line -109 -102 -116 -111
line -106 -89 -117 -95
line -117 -95 -124 -105
line -117 -95 -129 -97
line -93 -62 -107 -70
line -107 -70 -116 -82
line -116 -82 -119 -94
line -119 -94 -118 -106
line -119 -94 -126 -104
line -116 -82 -127 -88
line -127 -88 -134 -97
line -127 -88 -139 -89
line -107 -70 -122 -71
line -122 -71 -133 -78
line -133 -78 -140 -88
line -133 -78 -144 -80
line -122 -71 -134 -68
line -134 -68 -146 -69
line -134 -68 -144 -61
line -82 -47 -100 -50
line -100 -50 -114 -58
line -114 -58 -123 -70
line -123 -70 -126 -82
line -126 -82 -125 -94
line -126 -82 -133 -92
line -123 -70 -134 -76
line -134 -76 -141 -85
line -134 -76 -146 -77
line -114 -58 -129 -59
line -129 -59 -140 -66
line -140 -66 -147 -76
line -140 -66 -151 -68
line -129 -59 -141 -56
line -141 -56 -153 -57
line -141 -56 -151 -49
line -100 -50 -116 -45
line -116 -45 -130 -47
line -130 -47 -141 -54
line -141 -54 -149 -63
line -141 -54 -153 -55
line -130 -47 -143 -43
line -143 -43 -154 -45
line -143 -43 -152 -36
line -116 -45 -127 -36
line -127 -36 -140 -32
line -140 -32 -151 -34
line -140 -32 -149 -25
line -127 -36 -133 -25
line -133 -25 -142 -18
line -133 -25 -135 -13
line -38 -65 -48 -82
line -48 -82 -50 -100
line -50 -100 -45 -116
line -45 -116 -36 -127
line -36 -127 -25 -133
line -25 -133 -13 -135
line -25 -133 -18 -142
line -36 -127 -32 -140
line -32 -140 -25 -149
line -32 -140 -34 -151
line -45 -116 -47 -130
line -47 -130 -43 -143
line -43 -143 -36 -152
line -43 -143 -45 -154
line -47 -130 -54 -141
line -54 -141 -55 -153
line -54 -141 -63 -149
line -50 -100 -58 -114
line -58 -114 -59 -129
line -59 -129 -56 -141
line -56 -141 -49 -151
line -56 -141 -57 -153
line -59 -129 -66 -140
line -66 -140 -68 -151
line -66 -140 -76 -147
line -58 -114 -70 -123
line -70 -123 -76 -134
line -76 -134 -77 -146
line -76 -134 -85 -141
line -70 -123 -82 -126
line -82 -126 -92 -133
line -82 -126 -94 -125
line -48 -82 -62 -93
line -62 -93 -70 -107
line -70 -107 -71 -122
line -71 -122 -68 -134
line -68 -134 -61 -144
line -68 -134 -69 -146
line -71 -122 -78 -133
line -78 -133 -80 -144
line -78 -133 -88 -140
line -70 -107 -82 -116
line -82 -116 -88 -127
line -88 -127 -89 -139
line -88 -127 -97 -134
line -82 -116 -94 -119
line -94 -119 -104 -126
line -94 -119 -106 -118
line -62 -93 -78 -97
line -78 -97 -89 -106
line -89 -106 -95 -117
line -95 -117 -97 -129
line -95 -117 -105 -124
line -89 -106 -102 -109
line -102 -109 -111 -116
line -102 -109 -114 -107
line -78 -97 -92 -95
line -92 -95 -105 -98
line -105 -98 -114 -105
line -105 -98 -117 -96
line -92 -95 -103 -88
line -103 -88 -114 -86
line -103 -88 -110 -79
line 0 -75 0 -95
line 0 -95 7 -112
line 7 -112 19 -123
line 19 -123 32 -128
line 32 -128 45 -128
line 45 -128 56 -123
line 45 -128 56 -132
line 32 -128 42 -137
line 42 -137 53 -142
line 42 -137 46 -148
line 19 -123 24 -136
line 24 -136 34 -145
line 34 -145 45 -150
line 34 -145 38 -156
line 24 -136 24 -149
line 24 -149 29 -160
line 24 -149 20 -160
line 7 -112 7 -128
line 7 -128 13 -141
line 13 -141 22 -150
line 22 -150 33 -155
line 22 -150 27 -161
line 13 -141 13 -154
line 13 -154 17 -165
line 13 -154 8 -165
line 7 -128 1 -141
line 1 -141 1 -154
line 1 -154 6 -165
line 1 -154 -3 -165
line 1 -141 -8 -150
line -8 -150 -13 -161
line -8 -150 -19 -155
line 0 -95 -7 -112
line -7 -112 -7 -128
line -7 -128 -1 -141
line -1 -141 8 -150
line 8 -150 19 -155
line 8 -150 13 -161
line -1 -141 -1 -154
line -1 -154 3 -165
line -1 -154 -6 -165
line -7 -128 -13 -141
line -13 -141 -13 -154
line -13 -154 -8 -165
line -13 -154 -17 -165
line -13 -141 -22 -150
line -22 -150 -27 -161
line -22 -150 -33 -155
line -7 -112 -19 -123
line -19 -123 -24 -136
line -24 -136 -24 -149
line -24 -149 -20 -160
line -24 -149 -29 -160
line -24 -136 -34 -145
line -34 -145 -38 -156
line -34 -145 -45 -150
line -19 -123 -32 -128
line -32 -128 -42 -137
line -42 -137 -46 -148
line -42 -137 -53 -142
line -32 -128 -45 -128
line -45 -128 -56 -132
line -45 -128 -56 -123
line 37 -65 47 -82
line 47 -82 62 -93
line 62 -93 78 -97
line 78 -97 92 -95
line 92 -95 103 -88
line 103 -88 110 -79
line 103 -88 114 -86
line 92 -95 105 -98
line 105 -98 117 -96
line 105 -98 114 -105
line 78 -97 89 -106
line 89 -106 102 -109
line 102 -109 114 -107
line 102 -109 111 -116
line 89 -106 95 -117
line 95 -117 105 -124
line 95 -117 97 -129
line 62 -93 70 -107
line 70 -107 82 -116
line 82 -116 94 -119
line 94 -119 106 -118
line 94 -119 104 -126
line 82 -116 88 -127
line 88 -127 97 -134
line 88 -127 89 -139
line 70 -107 71 -122
line 71 -122 78 -133
line 78 -133 88 -140
line 78 -133 80 -144
line 71 -122 68 -134
line 68 -134 69 -146
line 68 -134 61 -144
line 47 -82 50 -100
line 50 -100 58 -114
line 58 -114 70 -123
line 70 -123 82 -126
line 82 -126 94 -125
line 82 -126 92 -133
line 70 -123 76 -134
line 76 -134 85 -141
line 76 -134 77 -146
line 58 -114 59 -129
line 59 -129 66 -140
line 66 -140 76 -147
line 66 -140 68 -151
line 59 -129 56 -141
line 56 -141 57 -153
line 56 -141 49 -151
line 50 -100 45 -116
line 45 -116 47 -130
line 47 -130 54 -141
line 54 -141 63 -149
line 54 -141 55 -153
line 47 -130 43 -143
line 43 -143 45 -154
line 43 -143 36 -152
line 45 -116 36 -127
line 36 -127 32 -140
line 32 -140 34 -151
line 32 -140 25 -149
line 36 -127 25 -133
line 25 -133 18 -142
line 25 -133 13 -135
line 65 -38 82 -48
line 82 -48 100 -50
line 100 -50 116 -45
line 116 -45 127 -36
line 127 -36 133 -25
line 133 -25 135 -13
line 133 -25 142 -18
line 127 -36 140 -32
line 140 -32 149 -25
line 140 -32 151 -34
line 116 -45 130 -47
line 130 -47 143 -43
line 143 -43 152 -36
line 143 -43 154 -45
line 130 -47 141 -54
line 141 -54 153 -55
line 141 -54 149 -63
line 100 -50 114 -58
line 114 -58 129 -59
line 129 -59 141 -56
line 141 -56 151 -49
line 141 -56 153 -57
line 129 -59 140 -66
line 140 -66 151 -68
line 140 -66 147 -76
line 114 -58 123 -70
line 123 -70 134 -76
line 134 -76 146 -77
line 134 -76 141 -85
line 123 -70 126 -82
line 126 -82 133 -92
line 126 -82 125 -94
line 82 -48 93 -62
line 93 -62 107 -70
line 107 -70 122 -71
line 122 -71 134 -68
line 134 -68 144 -61
line 134 -68 146 -69
line 122 -71 133 -78
line 133 -78 144 -80
line 133 -78 140 -88
line 107 -70 116 -82
line 116 -82 127 -88
line 127 -88 139 -89
line 127 -88 134 -97
line 116 -82 119 -94
line 119 -94 126 -104
line 119 -94 118 -106
line 93 -62 97 -78
line 97 -78 106 -89
line 106 -89 117 -95
line 117 -95 129 -97
line 117 -95 124 -105
line 106 -89 109 -102
line 109 -102 116 -111
line 109 -102 107 -114
line 97 -78 95 -92
line 95 -92 98 -105
line 98 -105 105 -114
line 98 -105 96 -117
line 95 -92 88 -103
line 88 -103 86 -114
line 88 -103 79 -110
line 75 0 95 0
line 95 0 112 7
line 112 7 123 19
line 123 19 128 32
line 128 32 128 45
line 128 45 123 56
line 128 45 132 56
line 128 32 137 42
line 137 42 142 53
line 137 42 148 46
line 123 19 136 24
line 136 24 145 34
line 145 34 150 45
line 145 34 156 38
line 136 24 149 24
line 149 24 160 29
line 149 24 160 20
line 112 7 128 7
line 128 7 141 13
line 141 13 150 22
line 150 22 155 33
line 150 22 161 27
line 141 13 154 13
line 154 13 165 17
line 154 13 165 8
line 128 7 141 1
line 141 1 154 1
line 154 1 165 6
line 154 1 165 -3
line 141 1 150 -8
line 150 -8 161 -13
line 150 -8 155 -19
line 95 0 112 -7
line 112 -7 128 -7
line 128 -7 141 -1
line 141 -1 150 8
line 150 8 155 19
line 150 8 161 13
line 141 -1 154 -1
line 154 -1 165 3
line 154 -1 165 -6
line 128 -7 141 -13
line 141 -13 154 -13
line 154 -13 165 -8
line 154 -13 165 -17
line 141 -13 150 -22
line 150 -22 161 -27
line 150 -22 155 -33
line 112 -7 123 -19
line 123 -19 136 -24
line 136 -24 149 -24
line 149 -24 160 -20
line 149 -24 160 -29
line 136 -24 145 -34
line 145 -34 156 -38
line 145 -34 150 -45
line 123 -19 128 -32
line 128 -32 137 -42
line 137 -42 148 -46
line 137 -42 142 -53
line 128 -32 128 -45
line 128 -45 132 -56
line 128 -45 123 -56
line 65 37 82 47
line 82 47 93 62
line 93 62 97 78
line 97 78 95 92
line 95 92 88 103
line 88 103 79 110
line 88 103 86 114
line 95 92 98 105
line 98 105 96 117
line 98 105 105 114
line 97 78 106 89
line 106 89 109 102
line 109 102 107 114
line 109 102 116 111
line 106 89 117 95
line 117 95 124 105
line 117 95 129 97
line 93 62 107 70
line 107 70 116 82
line 116 82 119 94
line 119 94 118 106
line 119 94 126 104
line 116 82 127 88
line 127 88 134 97
line 127 88 139 89
line 107 70 122 71
line 122 71 133 78
line 133 78 140 88
line 133 78 144 80
line 122 71 134 68
line 134 68 146 69
line 134 68 144 61
line 82 47 100 50
line 100 50 114 58
line 114 58 123 70
line 123 70 126 82
line 126 82 125 94
line 126 82 133 92
line 123 70 134 76
line 134 76 141 85
line 134 76 146 77
line 114 58 129 59
line 129 59 140 66
line 140 66 147 76
line 140 66 151 68
line 129 59 141 56
line 141 56 153 57
line 141 56 151 49
line 100 50 116 45
line 116 45 130 47
line 130 47 141 54
line 141 54 149 63
line 141 54 153 55
line 130 47 143 43
line 143 43 154 45
line 143 43 152 36
line 116 45 127 36
line 127 36 140 32
line 140 32 151 34
line 140 32 149 25
line 127 36 133 25
line 133 25 142 18
line 133 25 135 13
line 38 65 48 82
line 48 82 50 100
line 50 100 45 116
line 45 116 36 127
line 36 127 25 133
line 25 133 13 135
line 25 133 18 142
line 36 127 32 140
line 32 140 25 149
line 32 140 34 151
line 45 116 47 130
line 47 130 43 143
line 43 143 36 152
line 43 143 45 154
line 47 130 54 141
line 54 141 55 153
line 54 141 63 149
line 50 100 58 114
line 58 114 59 129
line 59 129 56 141
line 56 141 49 151
line 56 141 57 153
line 59 129 66 140
line 66 140 68 151
line 66 140 76 147
line 58 114 70 123
line 70 123 76 134
line 76 134 77 146
line 76 134 85 141
line 70 123 82 126
line 82 126 92 133
line 82 126 94 125
line 48 82 62 93
line 62 93 70 107
line 70 107 71 122
line 71 122 68 134
line 68 134 61 144
line 68 134 69 146
line 71 122 78 133
line 78 133 80 144
line 78 133 88 140
line 70 107 82 116
line 82 116 88 127
line 88 127 89 139
line 88 127 97 134
line 82 116 94 119
line 94 119 104 126
line 94 119 106 118
line 62 93 78 97
line 78 97 89 106
line 89 106 95 117
line 95 117 97 129
line 95 117 105 124
line 89 106 102 109
line 102 109 111 116
line 102 109 114 107
line 78 97 92 95
line 92 95 105 98
line 105 98 114 105
line 105 98 117 96
line 92 95 103 88
line 103 88 114 86
line 103 88 110 79
